Radiant Watts: 0.172393
LER: 533.716
PFER: 4.44804
PARER: 4.44804
Lamp Watts: 1.53
